25.0514	5.7475
26.6614	7.3414
25.2653	6.2466
25.2285	4.7447
25.7529	5.1564
24.0785	5.6693
25.2722	6.8676
24.6535	6.2443
26.9834	6.633	
25.7437	6.3179
26.4774	7.7416
26.7373	4.4756
27.1812	6.2972
25.4999	5.6739
25.3021	6.1431
23.3609	5.6601
25.5482	5.7107
26.2198	5.7337
25.884	6.3294
24.4649	5.7521
24.7708	6.7572
25.3274	5.6463
25.999	4.8551
25.0238	6.2742
25.8242	6.7848
25.4286	6.2834
27.3445	6.4697
24.6236	6.1178
27.126	6.1109
25.677	5.9085
25.539	6.3777
25.0491	6.0603
26.5924	6.0925
25.217	7.7531
25.2492	5.6486
24.941	5.0184
25.2814	7.5461
24.8191	6.1316
26.0105	6.8377
25.0215	6.564	
25.1618	6.3064
25.8955	5.4393
24.8375	5.4416
25.4562	6.702	
25.7161	5.5152
26.7212	4.7424
24.4649	7.2471
24.6328	5.3473
25.7253	6.7296
27.1168	5.6946
26.4958	5.9039
25.1158	6.1914
25.6103	7.6197
26.3026	6.7802
24.7915	6.2627
25.0997	5.8004
25.4838	7.0148
25.4217	7.3138
27.1306	6.9573
24.3338	5.1679
24.6236	5.6877
25.5183	4.8229
26.39	7.0401
24.3039	4.8827
25.5275	4.9333
24.8973	7.1919
24.7731	6.0925
26.5855	6.8423
25.6356	5.6371
26.7718	5.5336
24.8536	5.5152
25.8587	5.2208
25.2538	5.5727
25.4838	4.9333
25.5436	5.9844
23.1838	5.7314
27.7102	6.2535
25.1204	4.6504
25.2538	5.5681
25.5137	6.357	
27.2249	5.5727
24.6581	5.9936
25.1894	5.4991
25.2446	5.9591
24.8007	4.4158
26.275	5.5888
25.8748	6.5456
24.6328	6.7503
24.8766	4.4664
26.4498	6.6997
25.148	5.9292
24.5914	5.8004
25.6954	5.9867
26.344	5.9522
26.8224	5.667	
26.1347	5.0161
25.263	5.3082
24.6305	6.8354
25.8035	6.1937
26.0243	7.5576
18.4941	12.587
18.1606	12.548
17.9628	10.462
17.7558	12.123
17.4867	10.662
16.7139	11.584
17.259	11.748
17.4959	11.559
18.7908	10.497
18.3607	11.828
17.2038	11.768
16.96	10.637
17.2866	12.293
17.3694	11.559
17.9858	11.506
18.0272	12.617
17.1026	13.171
17.5212	11.874
17.512	10.991
16.7898	12.212
17.1233	11.610
18.6137	11.380
16.7714	11.387
16.0676	10.812
17.8041	11.702
17.8984	9.945	
16.638	12.964
16.4632	10.658
18.5125	11.842
17.9306	12.189
17.6132	13.468
16.7392	11.030
18.4642	11.713
17.3625	12.003
17.5557	11.212
17.6868	11.435
18.5171	9.876	
16.1251	10.664
17.5419	11.888
17.8961	11.805
18.2365	11.766
18.1008	11.364
18.3653	12.063
19.3635	11.628
17.9237	11.557
16.9853	12.318
16.8749	11.518
18.0272	11.962
17.6293	11.350
16.5575	11.338
18.2388	11.467
17.811	11.476
16.1895	9.968	
16.845	12.923
17.4637	10.821
17.6339	10.814
17.4384	12.212
17.9421	11.805
16.615	12.070
15.6398	11.228
16.7415	11.879
16.8197	12.116
15.9181	11.412
17.8363	11.856
17.696	11.941
16.845	10.667
18.5378	11.651
17.1877	11.982
18.4527	11.246
16.8956	11.106
18.1422	11.996
16.8059	11.131
17.4913	10.428
16.3045	10.876
17.4453	9.8668
17.5396	11.479
17.7328	11.21	
17.466	10.423
18.4803	12.095
17.2889	11.787
18.3883	10.002
17.6523	11.509
17.4982	11.955
17.5948	11.384
17.7328	11.656
19.3934	12.560
17.9651	12.525
17.0428	11.359
17.6086	11.720
18.9817	11.699
17.1992	12.596
16.9163	11.492
17.3096	11.189
18.9403	11.699
17.098	13.574
16.3206	12.067
18.4343	12.447
18.3124	11.663
16.7277	11.665
18.2457	13.020
8.4155	9.7633
7.1413	10.398
7.691	11.969
8.6363	9.8139
7.8704	10.957
7.2103	11.124
7.6289	9.899	
7.5645	8.8824
7.5967	9.5241
8.1372	10.301
7.8106	11.322
8.9514	11.062
8.8456	10.386
8.6869	11.000
7.6611	10.759
8.1648	10.306
9.1515	10.796
8.5029	9.1791
8.1441	10.844
9.0756	9.3723
7.8428	9.9703
8.8295	10.464
8.1993	9.7863
9.2021	11.007
8.1625	10.474
8.2085	9.9634
8.8456	11.561
9.209	11.046
8.588	11.032
7.8934	11.375
7.898	10.204
9.1584	10.853
8.9813	9.7127
8.6271	11.837
7.806	11.497
7.9233	10.400
8.8042	10.301
8.8272	11.028
9.715	9.9151
8.3189	9.0365
9.5954	9.1469
7.4081	9.8001
9.0733	8.9307
7.9118	9.0848
8.1717	9.0687
9.393	9.4735
7.5277	10.699
7.3575	10.326
10.1635	9.1239
9.4344	12.348
8.8249	9.9335
7.6979	10.140
9.002	11.143
7.3253	9.6644
8.0636	11.108
6.8768	10.430
7.737	10.361
7.0953	11.143
9.6023	9.0526
6.0695	9.669	
7.0815	10.499
8.2729	11.115
7.5461	10.717
9.1837	9.8484
8.1694	10.786
8.9951	9.5678
7.7324	9.5954
7.8359	9.4965
7.9095	9.0066
7.9969	10.706
8.9905	10.800
10.4004	9.9749
8.9215	10.057
8.4914	10.223
9.5678	10.568
8.9491	9.7863
9.2527	10.855
7.7577	9.9749
9.3102	11.653
8.9836	9.7104
8.6892	9.7219
7.2816	10.283
9.2435	10.621
10.1681	9.0802
8.0314	9.5678
9.071	10.218
8.3557	10.152
7.8175	8.6938
9.0089	10.395
8.0774	10.669
7.3138	11.660
8.7927	10.087
8.4592	10.333
8.6823	9.0986
9.1722	10.572
7.4564	11.325
8.8019	11.334
8.2913	9.4229
7.7508	10.947
7.7945	10.899
24.0394	24.676
24.6972	24.444
23.8945	24.991
23.837	24.853
26.4199	24.722
26.1853	23.779
24.9111	24.816
23.7197	23.448
23.3218	22.958
26.4015	24.600
25.4332	25.495
25.953	26.169
24.0486	25.428
23.8692	23.853
24.3499	25.138
24.1498	24.678
24.596	24.458
24.6075	24.602
24.9134	24.605
24.8513	24.485
24.6535	23.064
24.0555	24.372
23.4437	24.055
25.102	25.320
24.8536	24.952
23.7266	26.109
24.8513	23.432
25.2009	24.711
24.1222	24.692
24.6903	24.032
23.9842	23.383
25.5827	23.786
24.6397	24.251
23.8393	24.315
25.6678	23.659
24.9433	24.000
24.7064	24.347
24.2441	23.623
24.6282	23.423
23.3218	24.876
24.6972	24.552
26.0036	25.778
26.0404	23.876
25.9415	23.883
23.9359	23.834
25.8058	24.632
24.9318	23.862
25.3021	24.520
24.5891	24.297
23.2873	23.114
24.0049	23.912
24.9088	24.929
24.1475	26.689
26.4843	23.710
25.4447	24.004
24.8007	24.501
25.9668	25.079
24.3407	23.588
24.3154	24.218
25.9944	23.979
24.435	24.297
24.6512	24.943
24.4856	23.655
25.2308	25.320
25.7184	23.935
24.5316	23.807
24.8996	24.586
25.4792	24.191
24.665	23.239
26.1508	24.575
25.1135	22.238
24.6098	24.708
24.3752	24.478
26.0772	24.908
24.0946	24.467
23.4299	25.065
24.6581	25.861
26.712	24.522
25.6517	23.945
24.8191	24.977
24.2855	24.269
25.5045	24.524
24.8605	23.443
25.4401	24.418
25.2722	24.770
24.7248	24.110
24.5914	25.578
25.1434	23.703
25.0675	24.492
24.297	23.975
23.262	24.752
25.6862	23.199
25.4953	24.989
24.7593	24.366
24.9709	23.979
24.4925	23.779
24.3545	24.402
24.665	23.620
24.7984	24.478
25.6632	23.977
4.057	21.451
5.7912	19.749
3.9719	19.878
5.3174	18.809
5.7406	22.066
4.9172	20.768
4.3951	20.136
6.1868	19.232
4.8045	21.198
6.173	19.335
6.7848	21.044
4.9218	20.019
6.0672	19.869
6.3248	19.968
4.7424	20.41	
4.6665	20.451
4.3491	20.269
5.0897	19.890
5.7498	20.688
6.0304	20.150
4.2962	20.927
4.1973	20.499
4.3192	20.170
6.1661	21.670
5.115	19.749
5.0069	20.826
5.0621	20.147
4.7286	19.276
5.3013	19.423
5.5704	19.471
5.7337	20.502
7.1321	19.738
5.5244	20.435
5.3473	20.389
5.3588	19.706
5.7061	19.214
6.1638	19.766
4.931	20.030
5.184	20.596
5.6256	21.270
5.9775	21.472
5.4393	19.660
6.2673	18.749
4.9839	19.570
4.7723	19.837
5.1334	20.773
4.2594	21.081
6.012	19.770
4.5676	19.977
4.2042	20.994
5.9016	20.122
6.1592	21.090
5.4117	19.340
4.9724	20.016
4.5906	19.301
5.4531	20.706
7.0355	19.607
6.5134	21.415
5.3864	20.835
4.4756	20.276
4.9632	20.124
5.2898	19.754
3.9604	21.566
3.9627	20.888
6.1523	18.905
5.3105	18.503
3.8293	20.842
7.2701	20.055
3.896	20.065
4.3376	19.782
5.69	18.395
5.4623	19.306
7.231	19.885
4.6987	19.575
6.6974	20.012
6.1247	20.088
6.4214	20.571
5.322	19.570
4.8758	20.446
5.8694	20.370
5.7406	21.389
6.1753	20.428
3.6499	20.364
5.6233	19.830
5.3013	20.244
6.2006	20.189
5.6463	18.933
5.5359	20.801
5.4209	21.251
6.9987	21.769
6.3455	20.083
4.1904	21.226
5.5681	21.033
4.793	20.364
5.5566	20.377
5.0552	18.236
4.7677	20.550
5.7613	19.588
2.907	20.564
6.5709	20.403
28.0805	10.531
27.3445	11.212
26.8661	10.667
26.6476	9.2412
25.7115	10.050
26.367	10.326
28.2346	10.416
26.6361	9.784	
27.3077	9.2964
26.7143	9.4712
25.953	8.2131
27.3445	9.3769
26.8615	10.324
27.7148	11.175
26.4291	10.391
25.7598	9.3907
27.2479	10.184
26.9857	10.545
26.6338	10.161
26.8753	11.288
26.6223	10.276
26.482	9.6644
29.5939	9.738	
26.2543	10.331
25.2377	9.7081
26.0312	10.06	
27.9471	11.168
26.6154	11.635
26.6936	8.9675
25.8081	9.4574
27.3169	9.117	
25.5321	10.566
27.2916	11.971
26.7051	11.978
26.7626	9.6253
27.9264	10.710
27.0386	10.037
27.4986	10.423
26.1577	9.5632
26.9213	11.996
27.2433	9.1561
26.6959	10.239
27.0708	10.814
26.0197	10.931
27.2663	11.495
27.6136	9.7426
27.0478	10.285
26.873	10.361
26.9282	11.391
27.6297	10.020
27.0869	9.3033
25.746	11.433
25.7598	10.561
27.7447	10.970
26.988	9.991	
26.7189	10.262
26.7718	10.267
27.402	10.908
26.1485	10.616
26.9811	10.296
26.5694	9.2274
27.6757	9.5816
28.1817	10.867
26.0726	10.911
26.5855	10.145
27.1375	10.943
27.31	9.3401
27.3123	10.253
26.9098	8.2798
27.0179	9.6023
28.1518	10.545
27.0179	10.616
27.8942	10.478
27.563	10.273
27.0432	9.6
26.9443	10.865
26.321	10.540
26.4084	12.686
27.9287	10.993
25.6701	10.922
26.7051	10.340
27.4296	9.7426
28	10.8903	
27.3698	10.227
26.9052	9.0319
27.2433	12.562
26.1577	10.529
27.0823	10.087
26.8707	10.347
26.3877	9.6989
26.3831	10.303
27.0478	10.480
26.7741	8.8272
26.6131	11.573
26.7557	8.8387
25.7368	9.7403
26.0956	10.375
25.8058	10.635
26.4245	10.292
25.8357	10.451
19.9339	27.914
21.1115	27.206
21.3047	25.702
20.4514	27.213
21.6175	27.376
23.2206	26.824
21.0655	27.719
21.4841	28.124
21.5117	27.951
23.0182	27.542
21.5922	26.873
22.802	27.383
20.847	28.285
20.2053	27.659
19.6993	27.882
22.1603	28.483
21.7325	27.880
22.6525	28.156
21.0908	26.436
20.2076	28.023
20.686	27.788
21.7808	27.873
21.6037	28.246
21.5485	26.921
21.7831	26.751
21.7003	27.257
22.273	27.772
22.5835	26.422
21.7785	26.712
20.0788	26.617
22.4202	29.104
20.5687	27.461
20.5273	28.253
20.8838	27.448
20.9275	26.040
20.7849	26.459
19.9017	26.258
21.7325	26.590
20.8999	27.887
21.0195	26.505
21.5485	27.747
22.1672	26.992
21.8268	26.764
23.0573	28.533
20.6607	26.790
21.2794	27.638
21.1805	26.863
20.7987	27.142
21.7624	26.583
20.962	27.204
21.2909	27.887
21.7302	26.058
21.6175	27.553
20.3617	27.866
21.9717	27.434
20.7734	29.375
20.6791	26.951
21.6405	28.535
20.732	26.755
22.6019	29.451
22.3075	26.249
20.6354	29.787
20.502	27.047
20.4077	27.678
21.2081	27.091
21.8636	27.774
21.1368	28.257
21.8774	27.241
21.5301	27.517
19.5222	27.514
20.6814	26.847
20.3364	27.001
20.824	27.954
20.8723	28.308
21.1506	28.163
21.468	27.365
21.2311	27.098
20.9988	27.132
22.3029	27.54	
23.1056	27.724
21.054	28.581
21.0241	27.029
21.974	27.204
21.215	27.241
22.1189	27.461
21.4588	27.422
22.0637	27.896
21.8222	27.183
21.215	27.418
21.1667	26.516
21.1575	26.700
21.4772	27.484
21.8107	27.333
20.7044	27.441
21.1506	27.572
20.2007	27.036
22.8066	27.832
20.7849	27.544
21.4519	26.85	
20.5296	27.622
13.5238	18.107
13.7262	18.369
13.9792	18.857
13.5468	18.880
14.016	18.866
14.1379	18.990
13.8596	18.052
12.6291	20.134
13.8596	18.273
14.2391	19.552
15.6007	18.951
14.0482	17.926
13.05	18.234
13.1995	16.918
13.717	18.710
14.7221	19.186
14.9153	18.100
12.9948	20.713
13.027	18.356
13.9447	17.88	
13.3628	19.285
14.4622	19.591
15.051	19.007
14.9521	20.41	
13.3375	19.416
13.8849	18.862
13.9562	19.593
12.9925	20.292
15.1637	19.370
14.7842	18.231
14.3587	18.225
14.3426	19.706
13.349	18.234
14.0781	17.921
14.1632	18.781
15.603	16.930
14.3081	17.988
13.1052	19.462
15.0648	18.668
12.8499	19.064
14.0344	19.050
16.0745	18.105
13.7262	19.846
12.6498	18.579
13.4686	18.892
14.4484	17.781
12.4152	19.220
14.2713	18.089
13.786	18.521
12.6268	19.710
14.062	18.770
13.2386	19.595
13.464	19.354
14.1425	19.400
14.0689	19.423
12.3209	18.011
12.8338	18.220
14.8716	17.907
14.1448	17.921
15.5179	18.528
15.8629	18.027
13.0454	19.034
14.5887	17.946
14.223	18.001
15.3546	19.177
14.6002	18.57	
14.637	19.646
12.8384	18.984
13.901	18.199
15.2212	19.046
13.9792	17.472
15.3408	19.388
13.3513	18.558
12.9097	19.207
13.1972	19.450
13.3927	17.252
12.6245	19.340
13.8297	18.905
13.4272	17.974
13.7515	19.087
13.9378	18.627
12.5164	17.824
12.8545	19.147
13.924	19.388
14.6485	18.772
13.464	18.496
13.5192	17.532
13.1466	19.131
13.3398	19.441
13.6963	18.797
15.373	19.437
14.5105	16.851
13.8895	20.426
15.2695	18.806
13.6273	18.498
13.8458	19.354
13.188	18.618
13.4939	18.319
12.8729	18.710
14.2897	16.842
18.2158	26.475
17.9191	25.440
19.0139	26.422
17.627	26.698
18.3354	26.155
17.9076	24.964
17.4798	26.396
17.7305	25.380
18.7793	25.099
18.0479	26.166
17.6546	25.628
18.0939	26.054
19.0277	25.969
16.0193	25.736
16.6817	26.111
18.1169	24.506
20.2007	25.713
17.6868	25.520
16.2171	25.456
18.0709	24.950
18.5332	27.006
18.1123	26.525
18.2273	26.445
18.8759	25.398
18.5654	25.686
17.5948	27.482
18.0387	25.545
17.3694	25.104
18.1054	25.978
18.0732	25.447
17.9697	26.801
17.0773	26.330
16.4287	25.288
18.5194	24.773
17.8018	26.709
17.3303	26.173
17.8685	26.771
18.0042	25.801
18.3952	24.671
18.0364	25.755
16.7116	26.210
18.225	24.589
17.4844	25.573
18.0801	26.088
18.0824	27.666
18.5378	25.525
18.3607	26.376
17.6201	24.584
18.0502	25.026
17.8179	25.444
17.5235	25.591
18.8184	25.053
18.2894	26.716
17.3464	25.260
18.3791	25.447
17.7512	26.790
16.5023	25.242
19.6924	24.529
16.9853	25.391
17.2567	25.24	
18.0433	25.833
18.0847	25.828
17.3441	25.989
18.2411	25.058
18.6574	26.452
18.4366	26.955
18.6275	25.382
18.3837	24.616
17.7742	26.442
18.0318	25.157
18.1675	25.750
18.2365	26.413
17.6822	24.694
16.5897	26.146
17.0336	25.366
17.2061	24.575
18.6091	25.488
18.041	25.757
17.8708	25.267
18.3515	26.647
18.8621	25.205
16.661	25.447
18.8184	26.808
19.0139	25.453
17.8432	25.962
18.4067	26.403
17.0842	25.424
18.3055	25.016
17.4062	25.902
17.144	26.139
18.6896	25.520
17.512	26.003
18.2963	25.382
18.0134	26.670
17.7558	26.026
17.8294	25.746
17.4752	24.697
18.1445	26.088
19.1335	26.298
18.1491	25.725
11.9759	20.589
12.061	21.497
12.7027	19.559
12.6613	21.035
11.5343	19.563
12.2059	21.589
12.4152	21.939
13.188	22.316
10.7753	21.780
11.9805	21.106
11.2169	22.245
11.0628	21.422
12.5187	21.150
11.1134	21.433
11.3066	20.847
12.4267	21.141
12.4382	22.095
13.7975	21.339
11.1134	22.082
11.831	21.707
12.7326	22.197
11.5481	21.980
10.681	22.339
13.3099	21.033
12.6475	21.649
12.2404	21.247
11.6309	22.470
11.2537	20.644
12.4428	21.863
11.1341	21.065
11.1088	21.578
13.4801	21.077
13.073	21.530
11.5987	20.826
12.0679	20.828
13.2639	21.640
11.5021	21.606
12.6935	20.732
11.164	21.974
12.0081	21.730
11.9759	20.876
13.5422	20.545
11.1594	21.445
11.6631	22.468
11.0214	21.658
12.1323	20.925
12.291	21.136
11.0927	21.923
10.8213	20.656
12.774	21.704
12.1714	20.782
13.0983	20.853
12.8223	21.021
11.1111	20.828
12.4221	20.805
12.1806	22.206
11.5343	21.403
12.222	21.539
11.6539	22.197
12.36	20.577
13.3375	21.824
12.3071	20.925
13.487	22.089
11.9966	21.410
11.6999	21.035
12.8844	22.070
12.6866	22.013
11.3664	20.927
11.7666	21.451
12.9925	21.371
12.8177	22.199
12.6337	21.817
11.6838	20.904
11.2031	20.672
12.8315	22.022
12.0426	21.215
10.0784	21.985
11.3572	23.558
11.3066	21.399
12.9235	21.675
12.6222	21.617
13.4571	21.185
13.2685	22.192
12.7717	21.005
13.4111	21.888
13.2087	22.240
12.7142	21.178
11.6033	19.478
10.6971	21.550
11.6769	21.415
11.4653	20.968
12.8292	22.986
12.452	20.476
11.4906	21.702
11.1939	21.265
11.7413	22.148
12.0472	20.637
11.8862	20.874
12.6291	22.075
11.9943	21.962
23.1976	9.5678
22.2224	8.2131
23.9842	8.6984
23.354	7.7577
24.0279	9.853	
22.9768	8.2591
24.4626	9.0089
23.7933	8.2821
23.0343	8.6892
23.2758	8.703	
22.641	8.4362
23.2045	7.9647
23.6898	7.2655
22.9722	10.168
24.1268	7.8175
23.8209	8.1464
22.6893	9.2136
23.5702	8.0889
22.4248	7.6542
22.7721	8.151	
23.9244	9.163	
22.5743	8.5374
22.3259	7.8635
22.4639	6.6353
23.1953	8.6018
23.9129	8.5489
23.0297	8.5075
23.5127	8.1073
23.7496	8.8893
23.0182	8.7858
23.3908	9.2251
22.5007	8.2476
22.6203	8.9169
21.8958	8.9905
22.4133	8.4132
22.1465	8.4339
24.2119	8.6156
24.1498	8.7904
23.7818	8.5259
24.8122	9.2941
22.9147	7.8152
24.435	8.5811
24.8076	8.2223
21.9602	8.3764
23.745	9.0848
23.2091	8.8939
24.2234	7.5461
21.8866	8.9652
22.5835	8.5029
21.7785	7.1482
23.8439	7.8911
23.4529	9.1998
23.5656	8.7375
22.0131	8.3603
22.3213	9.0112
23.9037	7.9808
23.5426	8.8778
24.3798	8.1648
24.6696	8.2039
23.3057	8.0613
24.389	8.8042
23.3218	8.9468
23.3632	10.025
24.1935	8.6018
23.5472	8.9767
21.5761	7.8773
23.0389	7.1942
22.8572	9.1607
22.5398	8.1211
22.2523	7.599	
23.2114	7.967	
23.2482	9.738	
23.722	7.9049
21.997	10.004
21.9188	9.7058
23.1332	8.1395
24.0831	8.4914
23.2114	8.4109
22.8572	7.9302
22.6042	8.8387
22.5421	9.6506
21.3829	8.8571
24.8421	9.3861
24.1406	8.5305
22.5904	8.4201
24.7478	7.783	
22.3282	7.99	
24.8375	6.7871
24.1866	9.1814
23.7772	9.6345
23.3586	9.9243
22.3236	8.1556
23.2206	6.8515
23.5725	9.2803
22.8089	7.9923
21.6083	7.2655
23.2781	9.0227
24.0509	9.324	
23.2597	8.3741
23.4851	8.3074
27.6389	14.496
25.9116	14.160
26.5073	14.926
24.826	15.297
25.562	15.147
26.4084	14.616
24.6052	14.995
25.2906	14.956
26.7074	13.857
25.6931	15.444
24.8329	16.037
25.7943	13.947
25.1871	14.512
26.2014	13.473
24.4649	14.549
26.4061	14.531
26.6292	16.380
25.4194	14.462
25.4746	13.809
26.965	15.071
25.8886	15.269
25.7322	15.688
26.0887	15.899
24.8697	14.639
26.8638	13.917
24.9824	14.977
24.8858	14.319
25.7092	15.011
26.3693	14.579
26.5533	15.041
26.0381	14.324
27.7194	13.799
26.1807	14.802
26.9029	14.643
26.3946	16.796
26.5648	15.603
26.1853	16.187
26.4245	14.917
27.3376	14.630
26.1255	13.891
26.0749	14.515
27.6228	15.274
27.0018	14.841
26.1807	15.239
25.6103	13.937
26.7074	15.156
27.0317	14.432
25.8886	14.195
27.5561	13.213
27.1007	14.524
26.9259	15.563
25.2998	13.590
26.0473	13.201
25.9323	14.848
24.2947	13.431
25.7989	14.671
24.8214	13.277
26.39	13.802
26.1462	15.078
27.149	14.305
26.9213	14.547
25.1204	14.229
26.3095	14.540
26.068	14.439
25.3918	13.997
26.5441	14.485
25.8311	15.520
26.9604	14.848
25.3872	15.662
26.3095	15.842
27.1812	16.329
25.2814	14.229
25.4102	14.637
26.0634	14.733
25.1089	16.902
26.6614	15.708
26.6384	13.404
26.4383	15.041
26.7534	14.938
25.7805	15.212
26.1853	14.466
26.3118	14.542
26.1071	13.454
24.9571	15.030
25.5597	13.912
26.7925	14.234
26.6453	15.354
24.5362	16.911
26.6522	14.211
25.8794	15.021
25.7897	15.145
26.7534	15.639
26.2957	15.508
26.9535	15.513
24.9249	13.760
25.8242	14.648
26.4084	15.221
25.608	15.754
25.3596	14.206
25.3412	13.963
16.2631	10.025
15.7525	9.738	
16.4425	10.991
16.1205	8.9905
16.3252	8.5903
16.2079	9.3884
14.4116	9.485	
16.2838	8.841	
16.9738	9.439	
16.6932	10.536
14.6439	11.143
17.1141	9.7311
15.4558	8.45	
14.2368	8.9537
15.2649	8.2131
16.6564	9.9243
16.4287	8.9169
16.0607	9.1584
14.5634	7.2057
14.016	10.126
16.2723	9.1032
15.442	8.0222
16.6794	8.2844
15.0372	9.554	
15.7594	8.4017
15.6122	11.881
15.0556	9.4896
15.5892	10.214
15.9595	9.3562
15.7594	9.6828
13.8918	9.2987
16.9669	8.519	
14.5289	8.7306
14.6761	7.898	
15.5409	9.347	
14.6945	8.6938
16.3528	9.8783
16.0032	8.6087
13.9079	9.0181
13.9125	10.674
16.8496	9.5954
14.8532	8.9238
16.3551	9.9703
15.5938	8.5144
16.4172	9.14	
16.3896	8.588	
14.9268	10.384
17.1348	10.260
16.8312	8.5719
15.1729	9.4965
15.6421	8.8663
15.6099	8.8709
14.66	9.6989
16.4954	9.3907
15.7824	8.5811
13.8136	9.5655
15.3638	8.9238
15.9664	9.991	
15.3293	8.6685
14.9314	7.9095
14.384	9.9542
14.5887	10.227
15.5984	9.8553
16.1297	8.9146
15.6881	7.9187
15.9595	10.018
15.971	9.623	
15.4811	9.5816
15.6789	8.818	
15.764	8.9169
15.189	9.1975
15.0004	9.1791
16.4126	9.7656
15.7479	9.3424
15.1844	9.7311
15.2143	10.007
16.2148	8.3258
15.6306	9.2182
16.5621	9.5034
14.9314	9.9887
16.0952	9.6184
16.0722	9.0227
15.9871	9.8139
16.1826	8.8962
14.4208	9.462	
15.9756	10.186
15.1246	9.7978
16.4931	9.3056
17.1187	10.460
15.4696	8.841	
15.5915	9.3033
16.224	8.9514
16.0216	9.6667
15.5041	10.186
14.9452	8.7697
14.4185	9.3102
14.7658	8.7237
16.3459	8.5696
14.6324	8.5857
15.5386	9.8139
16.6863	13.864
17.8731	15.143
15.7617	14.347
16.6334	13.429
16.27	14.853
16.9692	14.761
15.9503	13.733
16.9048	13.896
16.4793	14.998
17.6224	12.921
16.2516	13.273
16.7277	13.868
17.213	14.013
15.4466	14.998
16.0745	14.002
15.7571	15.258
15.8629	14.763
16.7944	14.453
16.5943	15.511
17.1969	14.952
17.3349	15.179
15.5156	14.880
16.3114	14.952
15.9641	15.069
15.8008	14.243
16.6196	13.776
16.431	15.531
16.2171	14.995
15.4397	14.784
16.0768	17.031
16.6679	14.584
17.3924	14.623
15.7985	13.799
16.1734	15.221
15.9733	15.761
16.4149	14.853
16.4103	14.390
16.983	15.727
16.4425	12.935
15.603	16.161
15.7732	15.329
15.4765	14.050
16.6196	15.016
15.3086	14.89	
16.0952	14.363
16.4885	14.683
16.1527	14.121
16.2171	15.030
16.4701	14.013
17.7995	14.121
15.6421	14.167
17.2176	14.821
16.224	14.517
16.5276	15.184
16.086	14.878
17.466	15.193
14.9406	14.501
15.8721	12.886
16.799	15.616
16.1067	14.420
16.2953	15.218
15.2971	14.671
17.0727	14.324
15.2948	14.765
16.6058	14.991
14.5588	14.400
16.2378	13.843
16.6886	14.719
16.1182	15.253
15.5823	13.829
15.2051	14.039
16.0515	14.308
16.6265	15.085
16.2309	14.749
16.1711	14.420
17.3441	15.225
15.5938	15.048
17.9007	14.312
15.4949	15.338
16.3206	16.159
17.2797	14.926
16.4931	14.243
16.661	16.389
16.0101	14.761
16.2746	16.141
17.3027	13.638
16.7875	15.402
15.3431	15.416
16.3597	17.123
16.224	15.437
16.5713	15.276
15.0924	15.989
16.7806	14.616
15.2925	16.419
16.7875	16.065
17.4568	14.275
15.6536	13.445
17.0083	14.101
16.3804	15.037
15.9388	15.191
20.5227	19.457
19.7683	19.986
21.4864	19.703
19.6832	18.351
21.6014	20.490
20.203	19.959
20.6975	19.825
19.6763	19.862
21.1506	20.129
19.6694	19.977
21.3921	19.069
19.7821	20.223
20.4813	19.016
20.1202	19.073
20.7849	20.476
21.3369	19.717
19.3313	19.637
19.7476	19.101
20.9597	18.461
20.6377	19.393
20.8608	18.471
20.3456	19.055
18.6298	19.805
20.5572	19.358
20.8654	20.449
20.2536	19.103
21.2541	22.059
20.9758	19.094
20.9919	20.561
20.7251	19.542
19.3727	19.565
19.7775	18.882
19.6211	19.126
19.536	20.058
20.5089	19.294
21.3346	20.313
19.2715	18.450
19.8971	19.324
21.1161	19.554
20.2789	18.606
20.2973	19.053
20.7343	19.95	
21.2449	20.037
21.5646	20.403
20.3502	19.669
20.3847	19.119
18.9288	19.285
20.7021	19.754
20.4836	19.317
19.4256	19.306
19.8258	20.097
19.5682	19.881
19.7798	20.191
20.1777	19.193
20.2628	19.685
18.8276	19.427
21.1805	19.253
19.6832	19.013
20.1777	20.021
21.1322	20.803
20.042	20.191
19.7867	20.596
20.9873	19.595
19.9523	18.804
18.9219	18.275
19.7936	19.324
20.8608	19.197
20.2375	20.032
20.6423	20.226
20.7826	20.499
20.2375	19.340
20.364	18.245
19.3865	20.419
21.123	19.105
19.3957	21.217
20.1478	18.376
21.2679	19.197
19.7016	17.976
20.6262	18.993
20.6837	20.391
21.1322	19.855
19.9178	19.427
20.3502	20.094
19.2899	20.094
19.7246	19.897
20.5135	19.340
20.939	20.334
19.7798	20.313
19.5567	19.059
20.6998	20.768
21.3852	19.565
21.0402	19.188
21.2633	19.609
20.0811	19.230
20.18	21.327
20.3525	21.196
20.6837	19.869
20.939	20.893
19.9385	18.128
19.8833	18.852
8.4086	15.789
9.5218	14.816
8.8341	15.085
9.5586	16.796
8.0567	14.742
9.3378	15.501
7.7416	15.370
8.7375	15.140
7.8704	16.086
7.5139	13.804
9.5471	15.016
8.1671	15.336
7.4679	15.062
7.3966	15.892
8.8134	14.264
8.7766	14.733
8.6639	15.851
7.5116	15.152
9.4781	14.597
8.5236	14.347
8.795	15.186
7.6956	16.214
7.8888	15.103
7.8267	15.81	
9.1515	15.561
9.3884	15.267
8.8686	14.982
9.2274	14.823
9.3125	15.359
9.4045	16.219
7.944	13.089
8.9261	14.650
8.5949	15.202
7.8267	15.35	
7.7094	14.637
8.7674	15.253
9.1745	14.788
9.209	14.804
7.3966	16.198
9.6506	15.568
8.3787	14.627
9.8829	14.528
8.3672	14.876
7.9624	16.04	
9.1584	15.324
7.9302	14.687
8.5535	16.557
8.6639	15.191
9.6874	15.423
8.6133	14.045
7.8428	14.450
8.1809	15.757
8.7904	14.420
9.2757	14.906
8.7237	15.189
9.6115	15.665
8.8916	14.696
8.4983	16.224
9.2136	13.760
8.7168	14.243
8.9008	16.017
7.2448	15.009
8.9514	14.634
8.2614	15.246
8.7191	15.793
9.5333	15.462
9.5563	15.692
8.8157	16.102
8.5627	15.333
8.2959	15.697
8.818	15.402
10.5108	14.991
8.519	14.975
8.933	13.928
8.9445	14.683
9.301	16.297
9.5724	15.883
7.5645	15.908
9.7564	14.915
8.1257	15.354
8.6455	16.548
8.8732	15.225
7.783	14.775
8.6409	15.913
10.1221	15.117
7.2126	15.488
7.8152	15.649
9.8185	14.671
9.0388	15.669
9.3125	15.101
7.7462	15.283
7.3713	15.402
9.5563	14.906
8.4316	15.299
8.3603	16.702
8.8088	16.115
9.2941	15.143
7.645	14.945
8.059	14.476
8.7766	15.386
10.9892	13.061
12.0771	13.760
12.1921	14.620
12.0081	16.113
11.21	14.287
13.1903	13.450
10.4579	13.537
11.4055	15.589
12.3117	13.707
12.2542	15.090
11.785	14.788
11.3181	14.634
12.5486	13.958
11.3043	14.455
11.6562	14.984
11.3664	13.781
11.6447	15.527
10.9478	15.938
12.9649	15.191
11.0904	14.616
11.762	13.473
11.9575	14.528
10.9225	15.099
12.8177	14.701
11.2284	14.653
10.589	14.137
10.842	14.089
11.7459	15.166
11.4446	13.013
10.4924	14.526
11.7459	14.154
11.1778	14.370
12.3807	13.595
13.0132	14.195
10.8374	14.298
12.4175	13.305
13.1765	14.692
10.9455	14.885
11.9989	13.675
12.1553	14.404
13.1397	14.542
11.3641	15.191
11.5182	15.262
11.5274	15.113
11.6884	15.011
12.6107	14.959
11.1686	15.513
12.774	14.423
11.6056	14.66	
11.8287	15.536
11.5688	15.649
12.0909	15.147
10.6741	14.218
11.9966	13.744
11.3526	14.630
11.1111	14.172
12.912	13.878
10.4395	14.556
12.5693	14.338
11.2767	13.206
12.9074	15.775
10.7776	13.871
11.1778	14.183
11.8264	14.365
12.498	14.503
11.4009	13.696
11.4515	14.349
11.1157	13.286
10.6695	14.250
11.5527	13.873
12.4819	13.687
11.6171	15.718
11.7436	13.896
11.4745	13.167
11.5297	14.052
12.0725	13.390
10.7086	15.469
11.6907	14.443
12.9718	15.336
12.0955	12.856
10.129	14.485
10.7408	14.558
12.1714	15.405
11.762	13.944
11.0973	13.132
12.222	14.662
11.7344	14.140
12.4037	14.409
12.1415	15.474
11.3595	14.381
12.6751	14.798
11.9644	14.232
13.4203	13.514
11.9414	14.625
11.4055	14.643
10.2233	13.489
11.8356	15.471
11.2836	13.815
10.5476	14.066
11.946	15.018
26.9995	17.323
27.1398	16.447
27.8781	16.780
28.3933	16.822
28.621	16.463
28.1495	18.156
26.8132	17.705
26.6246	18.084
27.7976	18.291
26.7005	16.923
26.8891	17.042
28.2415	18.303
25.9944	16.686
27.9862	17.360
28.1449	16.559
26.5441	17.344
28.2622	18.894
27.3146	18.082
27.7378	16.927
27.0662	16.631
26.8776	18.689
27.9632	16.046
27.0961	17.367
27.6504	17.176
26.8201	18.823
27.1214	18.259
25.8518	18.618
27.7332	16.996
27.0846	17.075
27.7884	18.349
28.2898	17.953
27.0478	17.827
28.2139	18.133
27.5032	18.397
26.252	18.438
27.1352	18.390
26.9972	17.183
26.9926	17.192
28.3542	16.656
27.6688	16.000
27.885	16.474
27.7056	18.737
25.9139	17.949
26.6062	18.296
28.0069	17.905
27.8942	16.920
26.7488	16.081
26.3118	16.290
27.1628	16.73	
28.4117	18.119
27.0064	18.179
26.551	17.624
27.2732	19.517
26.7166	17.514
27.0386	15.807
28.6693	17.477
28.6003	17.859
26.6154	17.783
27.379	17.907
27.4549	17.495
28.1196	18.236
28.1173	17.725
29.2926	17.461
28.6486	16.566
27.2824	17.139
27.5124	17.031
27.1513	17.236
26.919	16.27	
27.7447	16.874
26.6729	17.344
25.8058	17.275
26.1646	15.968
27.4687	15.632
26.9282	18.114
26.1554	17.576
27.0524	17.638
26.6085	18.420
27.6021	18.928
25.677	17.921
26.0565	17.183
27.2111	18.689
27.2686	17.834
27.5423	16.460
27.4043	17.086
28.046	18.045
27.6596	16.872
27.5216	16.534
27.2571	16.962
27.0248	17.491
27.4963	17.406
27.563	16.932
28.0161	16.872
26.8201	19.057
26.3371	18.119
25.9208	17.854
27.1352	18.926
25.8311	18.029
27.1881	17.633
27.6435	17.978
25.7897	17.732
11.7735	8.1878
12.0909	7.6795
11.509	8.7743
11.1985	8.3442
11.0536	8.289	
11.3319	8.0452
10.6051	6.9044
13.0017	6.6192
11.5665	8.9905
11.7022	8.289	
12.0794	8.5328
11.8379	8.1648
10.8443	7.7301
11.5849	9.7656
12.6751	7.4955
11.9966	7.7669
12.1576	8.8249
12.0357	7.5116
10.474	7.9302
11.4745	7.415	
11.4009	8.4086
12.3002	8.6248
10.4579	9.0204
10.9018	9.2573
12.3025	7.9969
11.2859	8.082	
12.5118	8.933	
11.946	6.8607
10.4993	8.9307
10.8949	9.9036
11.1502	8.1924
11.3825	8.4086
12.337	8.2614
10.5384	8.1648
11.4699	6.8929
12.061	8.3465
11.4078	9.1285
10.5752	8.5903
12.958	7.4817
10.8075	7.3046
9.9634	7.8497
10.9892	9.5747
10.98	8.9146
10.6741	8.4684
11.4952	7.8451
11.9345	8.4362
12.8131	8.0498
12.4382	8.5857
12.4152	9.8875
10.2693	8.289	
11.0812	8.4523
10.2233	7.576	
11.3135	9.2159
11.7275	7.484	
11.1571	9.8783
11.9943	8.7858
13.0109	7.9072
10.1796	8.45	
11.8402	9.0135
11.601	8.9813
11.6378	8.9629
10.7546	8.1694
10.2141	7.4058
9.6368	8.1947
11.3733	8.2315
9.7909	9.1561
11.647	9.163	
11.1134	7.2264
11.9713	8.1694
9.8829	8.772	
12.2312	8.1809
11.8333	7.1689
12.1461	7.7554
11.5458	7.3667
9.0411	8.5466
11.0329	7.3391
11.5481	8.8617
11.9161	8.2246
10.1796	7.9578
11.8103	8.2269
10.9938	8.7145
11.7321	7.7577
11.0766	9.025	
11.8816	9.2872
10.4924	8.8686
11.7919	8.0613
12.1967	9.3677
10.474	8.588	
11.3963	7.5185
12.0403	7.8911
11.3457	8.8111
11.67	8.5765
11.3641	7.0999
10.9064	7.2655
11.3802	8.4086
10.9501	8.6156
11.6631	8.2039
11.9851	9.6345
12.0587	7.7347
10.451	6.84	
4.3629	28.220
4.3284	26.997
5.5566	27.004
6.3202	27.344
4.4457	27.300
4.5998	26.376
5.2737	27.820
4.8344	27.052
4.908	29.299
7.2264	28.427
4.7447	26.813
5.6762	27.323
5.8924	28.211
5.4048	27.811
4.9034	26.801
4.7677	28.572
6.2673	26.863
6.3616	27.558
6.8492	28.395
6.1983	27.103
7.1482	27.972
4.9402	27.208
5.2254	28.501
5.2116	27.694
6.6813	27.560
5.7659	28.197
5.6693	27.022
6.3869	27.236
5.2576	27.549
5.092	27.553
5.3013	27.625
4.149	27.298
5.5267	27.077
5.4324	27.500
5.3519	27.841
5.897	28.533
4.9379	27.742
5.3565	27.114
3.9328	26.718
5.5152	27.747
3.7488	26.061
5.989	26.238
6.1845	27.935
4.1329	28.326
5.138	27.678
5.8418	27.459
4.6274	28.917
5.644	28.062
4.6251	27.804
5.0345	27.636
5.8993	27.282
6.0626	27.073
4.8321	28.103
5.6808	27.937
5.0966	27.344
6.5939	28.177
4.6458	27.671
4.7999	28.368
5.4462	29.274
4.3376	27.307
5.5612	27.666
6.6008	27.827
5.0644	27.567
4.4135	27.277
4.0271	27.275
4.7263	26.371
4.7309	26.730
5.897	29.255
5.0092	27.165
6.2696	27.321
6.4398	27.132
6.1086	27.885
5.9269	27.878
6.2719	27.468
5.9729	27.990
5.2599	27.947
4.5676	27.917
6.3156	26.785
4.7447	27.121
4.5561	28.478
5.2001	28.046
6.3317	27.436
5.9269	26.937
6.3179	27.728
3.5556	26.930
6.2604	26.636
5.0506	27.569
6.9688	27.563
5.6486	27.204
5.5083	27.664
5.5911	28.687
5.5382	27.300
5.1081	27.514
4.3905	27.825
4.8505	27.979
5.4232	27.270
5.7383	27.855
5.9016	27.804
6.5525	26.937
4.3652	25.962
8.772	20.778
9.6943	23.199
9.6713	20.690
8.6225	22.213
8.8134	21.1	
8.3005	21.242
8.8617	21.405
8.6754	19.798
7.1666	20.101
9.3838	21.235
9.0641	21.801
8.5489	21.640
8.8663	20.692
7.4035	20.177
8.6294	23.029
9.2113	21.955
9.2573	22.024
7.5116	22.542
8.9307	22.312
8.9215	21.286
8.9859	19.108
9.3815	21.679
8.151	21.707
8.6317	21.118
8.8318	20.384
8.2315	20.676
7.9509	20.697
8.312	21.348
8.4569	21.318
9.1147	21.578
7.806	22.072
9.6368	21.688
7.6726	22.121
8.9238	20.244
8.7559	21.771
8.9583	20.322
7.829	21.021
9.4459	21.925
9.0733	21.385
7.8152	21.497
8.6409	22.420
8.8364	20.784
7.8474	21.104
7.5668	20.598
9.5563	21.755
9.0526	22.151
9.3125	20.830
8.1119	21.778
9.9197	20.492
9.4597	21.047
9.4781	20.623
10.0048	21.454
8.9169	19.841
8.8042	22.270
9.9749	20.538
7.5576	20.161
7.6611	20.504
9.0825	22.560
8.5834	21.863
9.4505	22.178
8.2315	20.950
7.9923	19.460
8.3925	21.224
8.1073	22.123
7.668	20.391
9.669	20.267
8.6041	21.362
8.611	21.525
7.6427	22.194
8.6938	21.001
6.5617	21.484
9.5333	21.385
8.864	21.511
8.4132	21.111
7.8681	19.434
8.0475	20.032
9.6828	21.592
8.6915	20.377
8.5098	22.031
9.0802	21.534
9.1584	20.943
9.8783	19.556
9.4413	23.055
9.3608	20.955
8.4086	20.635
8.8318	21.612
9.1538	21.750
7.8014	22.036
8.45	20.980
7.8359	22.703
7.6726	21.233
8.1602	20.738
8.4201	19.699
9.9197	21.201
10.2716	20.370
8.5351	22.031
9.4965	21.700
9.2343	21.461
8.6593	21.001
8.0268	20.324
14.2138	27.533
14.3173	27.576
15.2074	28.119
14.4737	25.571
14.2276	27.480
13.1742	27.015
14.3679	25.861
14.3587	26.799
14.2092	26.148
14.1655	27.261
13.4134	26.767
14.3242	26.656
13.3881	26.001
13.2363	26.155
14.4737	26.965
15.4719	26.886
13.7101	26.511
13.7423	25.141
13.901	25.736
14.7819	26.643
13.924	25.290
14.8233	26.284
14.0068	28.379
13.464	27.505
15.4466	26.410
14.7359	27.482
14.1885	27.682
14.4691	25.244
15.6881	26.974
13.0753	28.719
13.0477	26.840
14.7451	24.901
14.2598	26.010
14.4254	27.802
12.9051	25.780
14.9406	27.675
13.0615	26.965
14.0459	26.346
13.3881	26.127
14.3127	25.964
14.7359	27.572
14.1839	26.341
13.3536	26.302
13.4962	26.594
13.9907	25.647
13.2409	26.870
14.0666	26.990
13.4801	27.579
16.914	26.682
14.5611	26.916
14.4737	26.822
13.8021	26.967
13.1466	26.896
13.1627	26.845
15.5961	25.081
14.729	27.475
15.1177	27.795
14.568	25.748
12.6613	26.534
13.9953	26.861
13.6825	26.769
13.2593	27.595
14.2368	26.974
14.1678	26.054
14.6738	27.774
14.2115	25.989
14.1586	25.541
14.3587	26.054
13.4985	27.151
14.0919	26.070
14.6232	26.286
13.9631	27.503
13.855	26.622
13.8412	26.242
14.5059	27.307
14.0873	28.611
13.1742	26.921
13.4686	26.948
14.0804	27.533
14.8854	26.944
13.8136	25.927
14.0919	26.594
14.5289	26.560
14.6807	25.782
15.1476	26.341
15.3868	26.261
13.4548	26.758
13.0592	28.036
13.4088	27.151
13.2317	27.855
14.5542	26.127
13.0983	25.235
14.1195	25.716
12.8085	26.574
13.2501	26.509
14.7727	26.486
13.4709	27.303
13.7538	27.947
13.7906	26.263
14.4806	27.556
24.435	27.813
25.3136	28.011
26.0795	28.066
23.8025	26.971
25.4148	27.266
24.9663	29.15	
25.2216	27.174
24.4166	28.517
25.4194	26.656
24.5891	27.429
25.5597	26.932
24.7616	26.486
25.7759	28.692
26.6936	28.186
24.3637	26.870
25.1963	27.247
28.7268	26.721
25.7506	27.073
26.1048	26.187
24.0325	26.433
25.4378	27.595
25.7138	28.793
26.1416	28.545
25.1825	26.357
24.8375	27.889
25.2952	27.057
24.5776	27.820
25.1917	27.563
24.9341	28.250
23.3747	28.370
25.9599	28.579
24.0601	27.190
25.4815	29.361
24.5385	29.796
26.1899	28.041
24.1291	27.418
24.849	27.583
25.7736	27.454
24.7984	27.468
25.7943	28.480
24.9962	27.804
24.5431	28.692
24.2993	28.549
26.0772	28.726
25.6862	27.737
25.9944	27.020
23.2252	29.246
25.6195	29.853
24.136	28.492
24.9548	28.710
25.2032	28.338
24.2487	27.507
26.4567	29.012
25.3389	27.857
26.2635	28.694
25.2883	28.039
26.5119	27.843
25.2262	27.519
25.4171	27.109
25.5712	27.307
26.0634	27.068
24.9571	28.464
25.0997	29.078
25.1687	29.124
24.4005	27.687
26.3831	29.235
25.5114	28.940
24.8559	27.119
24.32	28.098
23.745	27.406
25.5367	27.804
25.4286	28.050
24.9065	26.686
25.5413	28.342
25.884	27.958
27.8666	29.290
26.3302	28.282
25.9622	27.006
25.7414	28.133
23.8485	28.006
25.4976	25.180
24.8996	27.392
25.6701	27.126
25.9852	28.531
25.4309	27.887
27.1099	27.059
25.4815	27.247
24.0946	27.093
24.6052	27.655
24.8191	25.003
25.2607	27.351
25.3849	29.437
24.2441	27.648
24.6696	26.852
24.228	27.107
25.3711	28.289
24.412	27.404
24.7938	28.742
25.1411	27.006
24.2717	27.627
26.6821	22.972
26.0749	22.496
26.6775	21.458
26.7143	21.861
27.2157	23.935
27.126	21.974
27.3537	21.594
27.2824	21.474
26.9581	22.466
27.0432	21.948
26.942	22.342
26.3394	23.255
25.3734	21.776
26.2865	21.564
26.8891	21.964
27.103	21.327
27.6159	22.319
26.2612	22.429
27.126	20.752
26.5671	21.33	
26.7488	22.705
26.5165	22.546
26.6292	22.162
27.6941	23.526
26.6108	22.109
27.1421	21.787
26.7051	20.780
27.5883	22.015
25.5252	21.543
26.0588	21.120
26.6752	22.095
26.8339	21.221
27.0202	20.656
26.9351	21.909
26.1876	22.999
27.3238	20.531
26.1002	19.749
25.7713	23.029
26.3578	21.635
26.2566	21.888
27.8689	21.769
27.7263	22.546
26.229	22.098
26.5349	21.976
26.459	22.408
26.4084	21.557
27.1375	22.452
25.0422	23.087
27.3514	20.589
27.793	22.535
26.5119	22.509
27.2387	22.300
25.8196	21.083
26.7212	21.008
26.6959	21.658
25.9139	23.218
27.1697	22.112
27.2525	21.861
26.2221	21.675
26.7925	21.382
26.0542	23.137
27.2548	20.856
26.6545	22.604
26.8224	22.415
27.1076	22.365
27.1881	21.688
27.5768	21.589
26.321	22.029
25.4033	22.728
27.0593	21.629
27.4135	22.344
26.2175	21.573
27.0225	22.498
27.2571	22.647
25.8679	22.003
27.8367	22.622
26.7051	23.305
28.092	22.841
26.9305	22.406
26.5648	21.150
28.1426	21.495
27.3192	22.404
26.6246	21.240
26.114	21.304
25.4723	22.551
27.4181	21.571
27.2617	20.037
26.6614	21.454
28.5014	21.932
27.0455	22.578
28.1035	21.389
27.103	21.847
26.5487	21.479
26.9006	21.261
26.3693	22.631
26.5372	23.310
27.3606	24.037
26.2612	22.613
25.2883	22.190
25.7184	22.491
22.6801	4.5492
22.2454	5.8211
22.0936	6.1063
22.9837	6.2075
21.2196	5.7636
20.3709	6.0534
23.1792	5.0713
21.813	7.0953
21.5025	5.4853
22.9193	4.3583
21.3392	5.7406
22.3282	5.3519
21.8153	5.2323
22.2132	4.6412
21.4519	4.701	
22.5651	6.0718
21.8659	6.0028
22.6755	4.6021
20.0857	6.1937
20.9988	5.2645
22.1925	6.4467
22.0982	6.0925
22.135	5.9821
22.9492	4.6412
22.963	4.5193
22.1879	5.8441
20.8401	5.6946
21.6589	6.6928
22.1695	5.3703
22.158	6.104	
21.2081	4.8758
21.5347	5.2714
21.2725	4.5607
22.6617	6.4421
22.5007	5.3381
21.5071	5.0897
22.3466	6.1316
21.4519	3.8776
23.5403	6.1569
22.2224	4.6734
21.3185	5.9177
21.1575	4.8804
22.2431	5.3795
23.5955	5.3795
22.4547	6.2811
22.5674	4.7677
21.7739	4.0938
21.8199	5.8234
21.6589	5.4646
21.3576	6.4306
23.2689	6.0051
22.7537	5.5934
22.1695	5.7728
22.5812	5.0437
22.9814	6.8515
22.6364	6.8653
22.7606	5.9407
21.8705	4.1858
23.1194	5.621	
23.0527	5.1702
23.0159	5.9131
22.0568	5.782	
21.9027	4.701	
21.6589	5.8602
21.8475	6.7549
20.341	5.5658
21.8774	5.2231
21.8682	4.8482
22.0729	5.2691
21.9257	5.4048
21.5692	4.5561
22.2086	5.5221
22.5421	5.874	
20.1501	7.231	
23.0205	5.2093
21.8406	7.001	
22.5352	5.8878
23.2505	5.1886
23.6668	7.5024
20.7504	5.2898
22.4432	4.0892
22.2569	5.9798
22.2707	5.5773
21.859	4.8827
22.6456	6.702	
23.2919	5.1196
23.8761	6.3754
22.296	6.0051
21.8153	6.0718
21.7371	5.3979
22.6571	5.2806
22.3903	6.3869
22.2247	5.6302
22.2201	5.4071
21.2311	5.9867
21.767	6.2696
21.7233	6.5387
22.2569	5.8441
21.583	3.7925
21.2541	5.5934
22.8871	16.854
23.3931	16.465
22.894	15.283
25.5804	15.416
22.5214	15.987
21.7693	16.219
22.4432	14.570
21.9556	16.065
23.8324	17.399
22.3397	16.007
23.6116	16.840
22.8963	16.258
21.8843	16.028
23.0366	15.414
22.8043	15.405
21.7555	15.414
22.6985	16.700
21.7072	15.575
22.4754	15.306
22.9377	16.681
23.3655	15.718
23.4782	15.768
23.0274	15.833
21.9648	15.660
23.0619	16.182
22.5375	15.966
21.9142	15.996
23.2022	16.428
21.6635	17.351
22.8687	15.156
22.963	15.980
23.0596	16.258
24.2096	16.120
23.1654	15.294
21.7072	15.437
23.2712	16.364
22.9193	16.419
21.7509	15.377
22.9354	15.366
20.64	17.173
23.2321	17.792
23.4	18.392
23.0895	16.366
23.5794	16.870
23.2988	16.385
23.4759	16.815
22.6594	16.150
23.2321	15.025
22.0706	16.063
22.0683	17.279
24.3039	15.490
22.7077	15.384
22.1189	15.828
24.0785	15.283
23.3448	16.490
23.4713	17.613
22.5559	16.73	
23.5242	15.297
23.1332	16.329
22.1603	16.953
22.963	14.892
23.952	17.282
24.1475	16.720
23.0366	15.674
22.3811	15.943
22.227	15.028
22.9423	17.213
22.3558	16.224
22.9584	15.078
23.009	16.711
22.9837	15.897
23.078	16.069
21.3024	17.231
23.0481	16.518
23.0918	15.359
22.7675	17.949
22.9308	16.081
22.9906	18.323
22.7491	16.690
21.8383	16.168
24.067	16.605
23.0343	16.769
21.5416	16.102
21.5853	16.355
23.5518	15.842
22.8572	16.203
23.1953	15.782
22.9492	14.754
23.1378	15.918
23.1447	14.970
24.0555	16.562
22.7951	15.538
24.4787	17.942
23.4253	17.150
22.6249	15.419
23.1355	15.975
22.825	16.495
24.2257	16.035
23.3149	17.001
23.3931	15.954
22.7215	11.113
24.2441	11.573
23.0159	10.947
22.0867	12.534
23.9543	11.584
21.8222	10.963
24.0417	11.780
22.0499	11.911
22.5191	11.274
22.3903	11.262
22.7606	11.419
22.4938	11.469
22.4432	11.134
23.5541	13.116
22.9791	11.580
22.7652	12.714
20.3709	10.952
23.4253	10.855
22.4455	11.913
23.2436	13.487
21.3783	11.858
22.7974	10.747
23.2137	12.557
23.7956	12.932
22.5674	13.070
23.0228	11.966
21.7394	10.782
22.0062	11.582
21.3415	13.112
22.0315	11.529
22.687	10.894
22.1718	12.003
24.0233	13.217
23.5518	12.217
22.9032	11.527
21.6221	12.169
22.6318	10.761
22.2155	12.159
22.273	11.932
23.9175	12.925
22.365	11.870
22.4915	11.713
23.8278	12.757
23.607	12.155
23.308	11.019
23.9451	10.292
22.4064	12.537
22.4984	11.957
21.997	10.814
23.2459	11.801
22.2891	11.987
23.1539	11.417
22.8641	13.142
21.6336	12.231
23.2252	11.998
22.3719	11.741
23.8577	11.812
23.1792	11.111
21.7187	12.281
23.4483	12.169
23.0826	12.456
23.0044	11.433
21.905	12.435
22.7514	11.200
24.1981	10.860
23.1677	12.320
21.6865	12.233
22.3673	13.261
22.9216	11.630
21.6865	12.040
22.1672	10.800
21.9579	11.354
22.8963	11.750
22.917	11.127
23.2712	12.320
22.7146	12.008
22.0315	12.272
22.2868	10.52	
22.9308	13.245
21.7808	12.104
23.8094	12.410
22.4639	11.364
22.1557	11.430
22.6686	11.732
22.7123	12.077
23.722	11.736
22.7399	11.504
22.3581	11.642
22.0683	12.286
22.457	11.315
22.5099	12.109
21.8544	11.164
22.6157	11.851
24.0946	11.987
22.1994	11.686
23.1723	11.239
22.963	11.9	
22.411	12.270
23.3218	12.659
23.2321	12.042
10.4027	23.655
10.0117	24.039
10.5499	23.947
10.7523	25.435
8.7766	25.283
9.4689	23.466
10.7822	23.340
10.9662	23.864
10.0669	26.074
9.6069	25.069
9.5149	25.088
11.1755	25.996
11.0122	25.341
10.0255	23.977
9.6184	25.398
10.4326	24.517
9.0825	22.135
8.6547	24.757
10.7776	24.490
9.4114	24.469
10.1796	24.685
10.6787	23.993
11.4814	24.432
9.3999	23.662
10.2762	24.651
10.9202	24.770
9.2458	24.849
10.4142	24.520
9.9289	24.791
10.0439	24.393
10.5476	23.620
10.4119	25.973
11.0766	23.871
9.7886	24.559
9.9611	24.439
10.2762	24.423
10.9639	24.964
10.5982	24.761
10.1405	23.294
11.3664	23.853
10.3452	24.294
10.3567	24.386
9.9082	24.849
9.393	23.239
11.7551	23.979
10.1313	25.028
9.8162	23.894
9.4712	24.791
10.175	25.177
10.3452	24.653
9.5839	25.451
9.5103	25.936
10.7155	23.052
9.7679	25.007
11.0099	24.453
10.8903	24.734
9.2596	24.221
8.519	22.898
10.612	25.203
10.5522	22.905
11.4009	23.981
10.0002	24.048
11.555	25.039
10.819	24.816
9.6276	24.310
11.0674	24.216
10.9041	24.009
9.1814	25.389
9.8599	24.119
9.922	23.705
10.1244	25.003
9.7472	24.294
11.003	24.237
10.2026	24.115
11.3526	23.505
10.681	23.335
10.5315	24.957
11.0122	25.090
10.3958	23.436
9.8024	23.970
9.8484	23.839
10.5706	23.876
10.1773	24.727
10.819	23.832
11.8563	25.934
10.083	24.101
9.508	23.843
9.5333	24.869
10.4303	23.475
9.1814	24.973
10.5844	23.774
9.485	22.935
10.1796	22.316
10.589	23.853
8.8203	25.090
10.6258	24.209
10.4395	24.016
10.4441	24.078
9.4528	24.561
10.3567	24.315
14.4783	21.764
15.0487	22.539
14.5358	22.388
14.7934	23.147
15.3822	21.762
16.8105	21.829
16.2838	22.427
16.5644	21.010
16.0653	22.544
16.5874	22.470
15.7042	22.141
17.2015	20.782
15.7318	22.491
15.1269	20.446
15.8468	22.857
15.8353	21.686
16.5874	23.393
14.7865	22.208
14.6968	21.875
15.7042	22.866
14.5174	22.705
15.2672	21.422
15.2534	20.971
15.9871	21.964
15.1292	23.034
15.5662	22.691
17.3924	20.851
16.1297	22.141
15.2465	22.169
14.6692	20.860
14.5818	23.275
15.3132	21.548
15.1729	22.850
15.2557	21.226
15.7594	21.769
15.5547	21.909
14.3173	23.289
14.8601	22.289
14.5657	23.197
14.8003	22.208
14.9958	21.886
14.6485	21.136
14.6002	21.840
14.982	21.003
15.1269	21.656
15.3132	22.355
14.9429	21.449
15.4903	21.341
14.6623	21.327
15.0809	22.670
15.0901	21.334
15.7479	22.698
15.9986	22.802
15.7502	21.891
15.8882	22.595
14.66	22.256
16.1918	21.468
15.4489	20.959
14.5519	21.987
15.3799	21.311
16.2401	21.693
17.0106	21.838
14.9291	23.413
15.6467	21.157
15.5018	20.759
15.6421	21.502
15.6352	21.394
15.8008	21.573
14.9314	22.181
14.177	21.362
14.3909	22.192
14.9613	21.208
15.6858	21.120
15.8905	21.106
16.1343	21.141
15.8215	22.137
14.4921	21.553
15.8974	21.484
14.2529	21.691
16.4356	23.487
16.0354	23.248
15.8629	23.671
14.3909	21.714
16.6104	20.945
15.6766	22.381
14.8877	21.907
15.4742	21.969
15.8169	21.776
15.5846	22.505
15.1706	21.776
15.3247	22.392
15.879	20.419
14.844	22.072
15.2695	21.493
14.5887	23.317
15.5731	21.244
15.81	21.279
15.6766	22.208
14.9406	22.526
13.9999	21.647
6.2144	11.672
5.8073	11.322
5.5474	10.223
3.9811	10.761
5.4117	11.005
4.2272	10.227
6.2282	10.154
4.5929	8.9054
5.4991	9.5954
4.0708	10.584
3.9788	10.223
4.1237	10.218
4.0616	9.9979
4.563	10.708
4.3353	10.165
4.8735	9.8599
4.3583	9.3102
5.2829	10.191
4.6527	9.4068
5.4255	11.810
4.7194	9.5149
4.9126	10.589
3.8776	10.977
4.6159	10.115
5.2714	9.2826
5.2875	10.149
4.954	8.9307
4.0662	9.8415
4.8758	10.991
6.1316	9.3102
4.6596	10.285
5.5773	9.5034
5.5474	10.264
4.5653	10.566
6.1201	9.4137
4.8482	9.3102
4.6596	11.021
5.5819	9.9933
5.1058	11.527
4.8068	8.1395
5.897	10.232
5.4899	10.957
4.8781	9.5425
4.5354	9.4436
4.8827	10.248
6.2673	10.819
4.8091	9.6529
5.8924	10.646
5.2737	10.98	
5.2369	9.0848
5.9798	9.3447
4.7378	10.683
5.644	10.632
4.54	9.278	
5.2576	10.957
4.701	9.1423
6.1247	10.674
5.9821	9.4137
3.8017	10.704
4.1605	10.041
5.4876	10.724
4.2916	9.1492
6.081	10.161
5.069	10.839
6.8055	9.4459
3.9742	10.181
4.8781	10.209
4.3974	8.7605
6.3662	9.4045
4.6619	10.464
5.552	9.715	
4.3974	10.386
5.1196	10.211
5.7222	10.517
4.7033	9.3608
4.8965	9.1515
5.4692	10.009
6.1109	10.669
4.3422	11.550
5.2484	9.4206
4.8574	9.7219
5.5566	11.180
5.6578	9.3424
4.701	9.8783
4.632	11.672
5.0115	10.398
5.6555	10.296
4.9885	10.655
5.7636	10.508
5.483	11.111
5.7935	10.600
5.0092	11.515
4.7976	9.6897
5.7222	9.7472
6.2144	9.8277
5.4899	10.708
5.2323	10.198
4.1076	10.713
4.6872	11.766
5.5198	10.168
5.8441	17.399
4.6182	17.753
5.368	17.500
6.0672	15.998
5.8533	16.410
5.4899	17.277
5.6279	16.566
5.0253	18.156
6.6882	16.242
5.897	17.362
5.1173	16.746
5.6118	17.380
6.0511	16.102
4.3192	16.661
5.9775	17.824
5.9223	16.989
5.7889	16.893
5.5267	16.088
6.7181	17.597
5.4508	15.377
5.7498	17.001
5.7406	15.964
7.0309	16.73	
5.4117	17.081
4.3307	17.256
5.8993	16.543
6.2075	15.669
6.0741	17.696
5.253	16.812
4.5354	15.849
6.1132	16.044
5.2484	17.661
6.6767	15.738
6.1086	17.385
5.7935	17.847
6.1132	16.187
5.8004	15.497
6.7388	17.233
6.1891	18.116
5.0644	17.564
4.8758	16.559
5.0828	17.783
5.7935	17.449
6.7802	16.983
4.862	17.111
6.0465	17.505
5.5888	16.311
6.3455	16.877
5.7084	15.789
6.2535	16.495
6.6537	17.019
6.2052	15.667
6.3018	15.789
5.9453	16.796
5.6394	17.976
5.4761	16.918
7.0608	16.086
4.7562	17.877
5.4531	17.415
6.1155	16.877
5.9936	17.702
4.8643	16.081
5.4968	16.182
6.0442	17.093
6.3409	17.785
4.7217	16.005
7.0493	16.224
5.0552	18.521
5.4416	18.498
6.9872	17.238
5.1311	16.681
7.4311	18.333
6.0879	16.120
5.8878	16.378
6.2121	17.958
6.9849	17.178
5.3542	17.201
7.2149	16.794
6.8906	16.095
5.552	15.557
6.0488	16.210
5.7498	16.506
6.3064	16.824
5.3266	16.672
6.4237	17.470
5.1909	16.145
5.8947	16.267
5.4669	17.748
4.816	17.003
5.8901	16.939
6.0419	17.362
6.5456	16.697
6.0626	17.086
5.1219	18.427
7.3414	16.819
5.138	16.615
5.736	16.999
5.276	17.247
6.4444	16.203
7.162	18.183 
